575804
500142
698555
751695
401942
679050
806416
156757
615697
100554
309158
744781
130111
790908
649975
911083
121517
229332
222428
116955
266042
491736
927604
299914
587652
512884
297325
156461
647083
912811
923712
748595
671722
258802
620878
905790
761203
650695
837439
685657
167096
160885
704552
183827
515689
193857
692849
635039
498406
609488
173803
599123
248077
124392
162813
154255
270777
191325
274997
369277
571989
500461
266049
818241
715349
890909
332721
161221
757110
880084
773471
314428
738076
717561
418583
936574
906249
673560
414023
889093
422270
594288
986920
587376
114940
962085
875268
236362
896042
219083
965703
288617
599060
663854
942635
344358
855582
545598
692983
947793
838698
430432
111466
294032
552228
601760
380871
139682
515334
296992
819493
343874
157274
376141
655331
845314
162735
256843
768699
728770
674108
894149
392818
929340
331340
404670
896490
232269
423639
663470
976893
415101
699763
480658
219238
286954
845194
207520
118196
249354
401531
618335
119352
428483
397892
332811
842249
823276
152324
979406
336681